0,470
0,243
0,386
191,35
3,2
10,175
10,297
10,287
10,258
10,230
10,170
10,87
10,96
10,2
10,3
11,8
11,10
11,7
11,14
9,5
9,2
9,3
8,16
8,5
8,10
8,18
8,2
8,3
150,2
149,3
149,2
149,1
90,4
90,3
90,2
90,1
90,0
89,4
89,3
89,2
89,1
89,0
88,5
88,4
88,3
88,2
88,1
88,0
87,4
87,3
87,2
87,1
87,0
53,3
53,2
53,1
53,0
52,3
52,2
52,1
52,0
20,3
20,2
20,1
19,3
19,2
19,1
12,3
12,2
12,1
11,30
11,29
11,28
11,27
11,26
11,23
11,22
11,21
11,20
11,19
11,16
11,12
11,1
11,4
11,3
11,2
18,1
10,215
10,186
18,3
10,116
10,104
10,25
10,22
10,16
10,1
10,15
9,7
